3690
3686
3685
3682
3685
3683
3682
3685
3684
3685
3688
3682
3689
3683
3682
3685
3680
3684
3687
3684
3687
3682
3688
3687
3683
3684
3687
3675
3687
3692
3680
3690
3682
3682
3684
3685
3683
3689
3681
3683
3680
3684
3685
3688
3686
3687
3685
3685
3683
3686
3683
3681
3687
3690
3682
3686
3687
3680
3685
3685
3684
3687
3685
3686
3680
3681
3685
3685
3675
3687
3685
3683
3684
3682
3682
3682
3686
3684
3691
3685
3688
3683
3685
3677
3680
3686
3684
3685
3684
3686
3684
3682
3682
3681
3684
3681
3685
3686
3687
3681
3683
3686
3683
3685
3687
3686
3689
3688
3677
3689
3680
3685
3681
3686
3682
3688
3685
3680
3642
3587
3570
3571
3562
3535
3526
3498
3499
3541
3527
3521
3514
3542
3619
3591
3560
3591
3609
3560
3577
3602
3607
3643
3618
3587
3622
3606
3594
3611
3575
3587
3632
3602
3601
3641
3603
3574
3613
3613
3640
3641
3594
3633
3658
3636
3655
3654
3621
3663
3647
3626
3668
3669
3649
3668
3668
3669
3663
3632
3642
3651
3641
3671
3683
3653
3662
3651
3647
3683
3669
3658
3671
3669
3675
3687
3672
3671
3685
3654
3648
3679
3660
3668
3663
3647
3646
3661
3662
3666
3672
3669
3671
3661
3683
3682
3672
3674
3675
3662
3673
3674
3677
3674
3677
3677
3679
3667
3677
3680
3672
3681
3672
3671
3666
3658
3669
3687
3661
3674
3687
3680
3660
3683
3680
3675
3683
3670
3672
3669
3660
3683
3679
3679
3685
3674
3684
3688
3683
3679
3691
3674
3679
3684
3682
3683
3686
3679
3687
3689
3681
3675
3677
3682
3683
3681
3688
3685
3683
3686
3678
3676
3681
3679
3671
3687
3682
3679
3680
3677
3676
3688
3674
3675
3682
3681
3682
3682
3681
3672
3682
3669
3687
3687
3686
3674
3679
3681
3688
3685
3685
3687
3681
3690
3689
3678
3678
3682
3677
3685
3684
3686
3687
3675
3677
3688
3674
3682
3686
3686
3685
3687
3685
3688
3682
3686
3681
3686
3674
3682
3690
3682
3685
3678
3680
3686
3686
3681
3686
3682
3682
3689
3685
3687
3682
3681
3690
3685
3680
3683
3676
3682
3691
3685
3679
3678
3688
3680
3685
3681
3690
3676
3681
3686
3670
3671
3687
3684
3684
3689
3682
3679
3686
3684
3682
3684
3685
3684
3687
3683
3687
3685
3685
3680
3686
3679
3685
3686
3680
3687
3687
3692
3682
3681
3677
3688
3686
3683
3683
3685
3686
3687
3683
3683
3687
3687
3680
3682
3680
3690
3689
3679
3685
3683
3685
3689
3685
3674
3691
3683
3687
3686
3685
3686
3691
3686
3687
3686
3675
3686
3685
3685
3684
3687
3684
3687
3682
3689
3679
3688
3679
3686
3683
3681
3690
3682
3691
3680
3688
3687
3679
3688
3682
3686
3685
3682
3687
3688
3681
3689
3691
3689
3678
3687
3686
3683
3679
3688
3680
3687
3685
3686
3684
3682
3681
3680
3687
3689
3676
3688
3693
3683
3683
3684
3683
3683
3680
3685
3682
3681
3679
3686
3680
3686
3683
3683
3687
3685
3688
3683
3686
3689
3682
3685
3688
3686
3688
3689
3689
3684
3688
3684
3680
3683
3683
3677
3687
3682
3685
3683
3685
3684
3686
3686
3688
3685
3680
3683
3684
3686
3684
3689
3683
3688
3686
3682
3685
3680
3687
3681
3684
3683
3683
3685
3681
3684
3687
3686
3681
3688
3680
3683
3685
3687
3688
3685
3686
3690
3685
3688
3686
3687
3689
3686
3682
3677
3686
3683
3682
3686
3683
3684
3690
3685
3684
3687
3685
3683
3687
3686
3686
3684
3677
3685
3691
3685
3686
3685
3685
3684
3679
3687
3688
3687
3683
3686
3682
3685
3685
3689
3685
3690
3687
3686
3686
3683
3684
3686
3686
3688
3688
3685
3678
3685
3685
3687
3684
3681
3687
3688
3682
3686
3685
3684
3682
3684
3689
3684
3687
3689
3677
3688
3685
3684
3681
3685
3684
3684
3679
3690
3684
3688
3681
3686
3678
3684
3683
3688
3689
3687
3681
3684
3683
3687
3685
3687
3681
3686
3679
3686
3684
3682
3683
3686
3684
3686
3686
3682
3682
3686
3683
3688
3685
3691
3681
3682
3686
3687
3684
3683
3684
3684
3680
3688
3684
3685
3683
3684
3684
3680
3690
3681
3683
3686
3685
3683
3690
3685
3686
3683
3683
3686
3684
3690
3684
3689
3683
3682
3681
3682
3684
3686
3682
3685
3681
3686
3687
3682
3685
3689
3685
3683
3685
3687
3685
3687
3682
3689
3678
3681
3686
3688
3687
3685
3690
3685
3687
3681
3684
3679
3681
3683
3685
3683
3686
3680
3686
3687
3681
3686
3689
3675
3689
3688
3684
3684
3685
3689
3687
3685
3684
3682
3683
3681
3682
3687
3690
3688
3684
3684
3684
3686
3686
3686
3685
3684
3685
3679
3685
3683
3684
3686
3689
3687
3683
3686
3678
3689
3684
3680
3686
3680
3683
3683
3685
3684
3689
3684
3685
3684
3686
3686
3681
3687
3687
3684
3687
3688
3680
3687
3682
3685
3682
3680
3683
3688
3680
3689
3680
3683
3689
3681
3687
3683
3689
3685
3682
3683
3687
3680
3686
3686
3687
3687
3680
3686
3689
3677
3685
3688
3675
3689
3684
3687
3686
3678
3686
3685
3684
3680
3680
3687
3684
3682
3689
3683
3689
3679
3685
3684
3683
3684
3686
3679
3684
3682
3685
3683
3687
3680
3683
3681
3681
3687
3686
3678
3684
3685
3680
3688
3680
3689
3683
3686
3686
3685
3685
3683
3688
3683
3681
3685
3687
3685
3685
3689
3688
3685
3683
3679
3682
3685
3688
3685
3685
3686
3684
3680
3688
3685
3690
3683
3683
3678
3688
3683
3688
3686
3684
3685
3687
3685
3685
3690
3681
3681
3686
3684
3685
3680
3690
3686
3689
3687
3676
3685
3686
3681
3681
3688
3686
3685
3688
3689
3687
3682
3682
3681
3681
3687
3683
3681
3679
3679
3687
3685
3681
3689
3688
3687
3688
3684
3683
3685
3685
3683
3689
3683
3686
3681
3689
3681
3683
3683
3684
3686
3684
3680
3689
3684
3682
3685
3685
3687
3685
3681
3687
3682
3682
3687
3677
3684
3685
3687
3685
3685
3682
3688
3684
3686
3690
3680
3680
3692
3683
3685
3685
3681
3684
3683
3684
3688
3686
3684
3687
3682
