3682
3688
3686
3683
3686
3683
3687
3685
3686
3684
3685
3686
3682
3687
3686
3683
3682
3686
3683
3684
3687
3690
3682
3687
3687
3682
3686
3685
3685
3682
3677
3687
3675
3685
3689
3686
3680
3689
3689
3683
3683
3685
3682
3679
3687
3689
3679
3684
3688
3688
3683
3684
3684
3678
3688
3682
3683
3690
3677
3686
3688
3684
3680
3687
3685
3682
3686
3687
3681
3688
3679
3687
3684
3683
3686
3686
3681
3689
3683
3682
3688
3690
3684
3683
3684
3681
3683
3681
3683
3685
3681
3683
3687
3682
3684
3680
3687
3685
3683
3688
3684
3686
3689
3685
3679
3687
3686
3684
3683
3685
3681
3682
3686
3686
3685
3690
3685
3684
3685
3678
3613
2856
1243
637
382
49
214
424
362
242
525
567
829
891
846
963
947
1027
1289
1512
1556
1549
1406
1728
1794
1564
1721
1803
1896
2096
2130
2112
2292
2130
2317
2434
2317
2435
2663
2427
2583
2794
2631
2826
2842
2647
2870
2873
2696
2952
2791
2682
3061
2946
2854
3157
3097
3081
3286
3113
3101
3266
3130
3169
3309
3135
3227
3245
3072
3219
3249
3218
3364
3367
3276
3380
3324
3263
3322
3283
3354
3437
3339
3382
3425
3376
3433
3441
3418
3486
3438
3436
3535
3476
3450
3492
3391
3440
3537
3409
3442
3568
3480
3526
3558
3477
3519
3516
3430
3565
3534
3437
3583
3582
3533
3618
3574
3496
3594
3575
3523
3594
3518
3549
3589
3499
3526
3618
3522
3554
3624
3522
3559
3544
3501
3606
3601
3508
3591
3599
3553
3590
3554
3518
3580
3559
3571
3639
3585
3608
3650
3576
3600
3638
3609
3625
3637
3579
3621
3623
3561
3606
3613
3608
3658
3628
3614
3635
3627
3631
3657
3636
3640
3651
3599
3642
3652
3609
3629
3613
3616
3656
3647
3635
3669
3622
3604
3644
3606
3629
3665
3641
3666
3650
3604
3665
3671
3635
3678
3665
3621
3666
3642
3627
3696
3650
3615
3673
3631
3639
3664
3623
3634
3640
3615
3660
3671
3627
3675
3692
3646
3666
3656
3628
3696
3676
3642
3689
3636
3647
3687
3656
3662
3694
3631
3649
3692
3641
3657
3676
3643
3656
3652
3648
3674
3638
3622
3657
3644
3658
3686
3658
3658
3697
3656
3661
3672
3637
3655
3677
3649
3671
3675
3653
3675
3655
3663
3688
3667
3651
3680
3651
3645
3677
3666
3667
3697
3674
3664
3674
3668
3661
3670
3647
3671
3680
3673
3678
3673
3672
3679
3635
3645
3671
3662
3650
3674
3682
3662
3662
3658
3676
3674
3665
3672
3685
3664
3674
3684
3668
3672
3683
3674
3674
3678
3664
3669
3664
3664
3670
3675
3663
3672
3677
3683
3682
3675
3661
3661
3679
3681
3670
3677
3663
3662
3654
3680
3684
3677
3688
3676
3660
3679
3678
3664
3667
3674
3668
3689
3686
3665
3684
3688
3684
3682
3688
3681
3670
3673
3683
3680
3680
3659
3670
3674
3678
3685
3685
3680
3685
3684
3669
3685
3687
3678
3687
3690
3672
3685
3684
3680
3675
3684
3664
3672
3679
3688
3673
3688
3679
3675
3684
3689
3677
3693
3692
3683
3670
3686
3686
3695
3685
3685
3684
3679
3683
3668
3672
3687
3687
3683
3694
3683
3692
3688
3687
3678
3684
3683
3684
3690
3686
3689
3687
3680
3689
3688
3679
3686
3688
3676
3688
3683
3676
3684
3678
3693
3686
3677
3664
3685
3683
3678
3690
3683
3685
3690
3687
3683
3694
3681
3687
3692
3682
3683
3691
3684
3685
3689
3684
3683
3685
3690
3685
3685
3683
3690
3683
3689
3684
3672
3674
3688
3677
3687
3691
3687
3683
3684
3681
3673
3681
3690
3686
3692
3679
3678
3689
3689
3680
3690
3686
3686
3686
3686
3684
3689
3683
3687
3694
3684
3688
3685
3684
3691
3688
3674
3681
3688
3686
3683
3687
3686
3684
3683
3687
3680
3691
3684
3684
3686
3677
3686
3686
3678
3681
3689
3679
3681
3682
3687
3682
3687
3682
3691
3688
3683
3692
3686
3674
3691
3689
3681
3690
3679
3689
3683
3689
3676
3686
3685
3692
3685
3690
3682
3691
3684
3690
3688
3686
3684
3693
3687
3687
3679
3684
3689
3684
3686
3686
3684
3685
3690
3689
3690
3688
3682
3687
3684
3690
3691
3687
3683
3683
3686
3682
3687
3688
3683
3684
3687
3684
3686
3689
3689
3688
3686
3687
3680
3689
3681
3693
3679
3690
3682
3681
3685
3687
3687
3685
3695
3685
3691
3688
3671
3682
3686
3684
3687
3688
3691
3691
3683
3691
3688
3689
3684
3687
3684
3689
3682
3688
3686
3689
3689
3685
3685
3689
3685
3683
3686
3682
3688
3690
3683
3687
3689
3691
3687
3689
3688
3681
3684
3687
3690
3688
3688
3684
3689
3685
3684
3684
3687
3684
3689
3682
3684
3688
3686
3685
3686
3685
3689
3688
3686
3688
3682
3685
3688
3686
3689
3680
3681
3685
3684
3678
3679
3687
3685
3682
3687
3684
3684
3692
3690
3682
3687
3688
3684
3686
3682
3688
3683
3689
3687
3692
3684
3688
3680
3686
3684
3685
3686
3687
3684
3685
3683
3688
3686
3691
3689
3687
3689
3682
3693
3681
3687
3687
3686
3686
3680
3684
3687
3684
3681
3691
3684
3684
3687
3683
3689
3687
3689
3687
3682
3692
3686
3680
3693
3694
3686
3688
3684
3682
3688
3682
3685
3686
3685
3685
3678
3686
3686
3686
3683
3684
3689
3685
3686
3689
3690
3682
3684
3689
3689
3683
3686
3691
3682
3687
3688
3680
3689
3686
3688
3685
3686
3688
3685
3680
3692
3682
3691
3689
3681
3689
3691
3685
3683
3687
3679
3688
3687
3687
3684
3685
3685
3690
3686
3683
3685
3685
3679
3689
3681
3686
3686
3690
3683
3691
3687
3691
3689
3687
3685
3690
3683
3690
3685
3692
3690
3688
3685
3690
3684
3685
3681
3688
3686
3685
3685
3689
3683
3689
3681
3688
3688
3685
3687
3689
3684
3690
3685
3688
3686
3687
3684
3690
3686
3687
3680
3684
3691
3686
3681
3685
3686
3683
3690
3686
3686
3679
3692
3686
3682
3684
3693
3686
3683
3681
3689
3686
3687
3683
3694
3684
3686
3685
3675
3678
3685
3689
3684
3691
3684
3689
3688
3689
3688
3687
3684
3681
3684
3679

