3686
3685
3682
3686
3683
3684
3679
3686
3678
3683
3679
3684
3685
3677
3683
3688
3682
3691
3680
3690
3682
3684
3678
3687
3685
3681
3681
3683
3685
3681
3688
3681
3682
3686
3684
3680
3686
3685
3686
3682
3689
3684
3685
3681
3687
3683
3686
3686
3680
3685
3689
3683
3679
3688
3685
3682
3684
3681
3688
3682
3685
3685
3684
3682
3677
3687
3681
3687
3687
3684
3683
3684
3684
3683
3683
3679
3679
3682
3688
3685
3682
3683
3676
3683
3684
3686
3690
3686
3678
3688
3685
3678
3694
3681
3682
3680
3684
3682
3685
3686
3681
3684
3679
3685
3683
3682
3682
3685
3680
3684
3683
3684
3684
3685
3680
3682
3681
3685
3685
3678
3655
3335
2603
2240
2062
1919
1969
2133
2008
1942
2058
2060
2192
2387
2355
2365
2431
2255
2200
2175
2394
2551
2672
2724
2667
2630
2669
2729
2750
2834
2839
2834
3007
2969
2989
3027
2978
3020
3033
2967
3167
3195
3033
3119
3191
3061
3222
3244
3174
3324
3272
3200
3355
3270
3286
3460
3351
3349
3491
3342
3361
3413
3338
3427
3513
3385
3494
3504
3416
3532
3485
3436
3560
3460
3467
3569
3439
3490
3531
3439
3543
3600
3442
3575
3580
3434
3592
3585
3467
3614
3597
3519
3650
3605
3542
3642
3538
3554
3636
3540
3569
3634
3547
3590
3624
3558
3643
3632
3542
3636
3624
3558
3633
3601
3551
3616
3580
3590
3651
3599
3590
3639
3607
3631
3652
3598
3614
3625
3575
3627
3624
3587
3656
3623
3579
3636
3631
3593
3634
3622
3642
3661
3629
3630
3661
3595
3606
3662
3628
3644
3655
3622
3657
3661
3627
3668
3668
3645
3660
3654
3652
3651
3630
3654
3676
3648
3659
3658
3638
3656
3663
3646
3664
3643
3649
3669
3632
3645
3671
3649
3657
3679
3648
3664
3667
3641
3672
3671
3644
3650
3657
3652
3669
3640
3648
3671
3659
3668
3693
3665
3661
3677
3653
3670
3672
3650
3679
3679
3655
3664
3649
3640
3668
3667
3655
3672
3667
3662
3662
3662
3667
3665
3632
3668
3682
3643
3659
3691
3660
3662
3686
3665
3666
3680
3660
3680
3689
3673
3666
3658
3638
3655
3664
3671
3681
3671
3669
3680
3670
3662
3677
3675
3673
3673
3675
3669
3682
3669
3669
3679
3663
3659
3650
3646
3667
3675
3672
3677
3689
3683
3675
3669
3677
3679
3675
3669
3676
3672
3676
3672
3672
3679
3676
3683
3687
3678
3671
3670
3659
3676
3682
3678
3680
3675
3673
3668
3653
3667
3685
3681
3668
3673
3678
3675
3689
3675
3677
3686
3685
3681
3675
3668
3675
3682
3679
3678
3686
3682
3681
3677
3678
3674
3665
3685
3682
3680
3680
3689
3668
3684
3678
3669
3685
3687
3684
3684
3687
3683
3691
3681
3685
3691
3678
3677
3685
3679
3688
3685
3676
3678
3677
3689
3689
3679
3678
3691
3685
3674
3677
3679
3687
3686
3682
3688
3688
3679
3678
3682
3677
3682
3686
3688
3682
3682
3687
3679
3684
3685
3685
3683
3674
3686
3680
3686
3685
3687
3681
3680
3693
3688
3685
3681
3675
3664
3678
3682
3682
3683
3685
3686
3682
3687
3687
3686
3680
3687
3690
3692
3685
3688
3678
3686
3683
3685
3684
3682
3676
3662
3684
3687
3678
3682
3682
3686
3687
3684
3689
3690
3685
3680
3682
3678
3685
3691
3687
3685
3673
3683
3686
3686
3684
3690
3684
3683
3687
3690
3683
3683
3683
3682
3684
3686
3686
3683
3686
3688
3682
3681
3692
3688
3680
3677
3678
3687
3686
3677
3685
3684
3685
3680
3684
3687
3687
3684
3686
3681
3689
3686
3687
3688
3678
3684
3688
3682
3684
3687
3681
3686
3683
3686
3670
3682
3682
3685
3683
3690
3689
3683
3687
3683
3687
3689
3686
3687
3688
3685
3681
3684
3684
3685
3684
3684
3684
3685
3687
3678
3682
3683
3684
3686
3688
3682
3685
3684
3686
3690
3683
3684
3689
3682
3686
3681
3689
3691
3686
3684
3683
3686
3684
3688
3681
3691
3686
3688
3685
3678
3680
3682
3679
3689
3679
3684
3691
3680
3679
3692
3678
3681
3692
3685
3678
3689
3676
3684
3679
3686
3681
3690
3679
3686
3685
3685
3683
3686
3686
3689
3680
3681
3683
3687
3681
3690
3683
3684
3684
3686
3683
3679
3686
3679
3681
3684
3681
3684
3683
3691
3683
3686
3690
3681
3691
3684
3686
3688
3677
3680
3688
3684
3682
3686
3683
3685
3678
3676
3676
3690
3672
3674
3690
3685
3681
3687
3686
3678
3686
3683
3682
3692
3686
3683
3692
3680
3688
3682
3681
3685
3686
3682
3685
3685
3685
3683
3684
3683
3685
3684
3687
3687
3685
3686
3687
3683
3682
3685
3685
3684
3685
3684
3685
3686
3684
3684
3688
3685
3691
3685
3683
3689
3681
3680
3679
3688
3687
3687
3686
3683
3683
3687
3683
3683
3689
3687
3671
3691
3689
3684
3688
3687
3690
3687
3683
3686
3682
3677
3681
3688
3681
3685
3687
3683
3689
3686
3684
3686
3682
3682
3685
3685
3685
3687
3680
3685
3684
3687
3690
3685
3687
3686
3683
3684
3685
3680
3684
3684
3691
3679
3684
3686
3678
3684
3677
3684
3681
3685
3687
3685
3685
3679
3689
3686
3680
3689
3681
3687
3690
3685
3683
3687
3684
3681
3678
3685
3691
3683
3689
3682
3685
3684
3685
3678
3691
3679
3686
3685
3685
3681
3683
3689
3681
3691
3680
3686
3687
3683
3688
3686
3684
3687
3689
3685
3683
3682
3682
3684
3684
3680
3687
3676
3683
3680
3684
3685
3685
3684
3685
3692
3686
3687
3680
3687
3682
3686
3686
3688
3680
3686
3684
3685
3685
3680
3687
3679
3683
3688
3686
3685
3685
3682
3691
3686
3685
3695
3684
3682
3687
3686
3687
3689
3682
3689
3683
3690
3687
3679
3684
3688
3680
3689
3685
3682
3686
3686
3685
3684
3687
3678
3683
3685
3685
3686
3681
3687
3688
3685
3684
3687
3678
3684
3689
3687
3683
3686
3692
3678
3687
3679
3690
3685
3683
3683
3684
3682
3683
3687
3686
3684
3688
3682
3666
3668
3688
3683
3682
3692
3688
3680
3688
3685
3682
3691
3681
3682
3691
3680
3683
3686
3687
3685
3685
3681
3692
3684
3684
3689

